{
	"asset": {
		"generator": "VISUALIZEGLTF",
		"version" : "2.0"
	},
	"scenes": [
		{
			"name": "Default",
			"nodes": [
				0]
		}
	],
	"nodes": [
		{
			"children": [
				1, 110, 111, 112
			]
			,"name": "Root"		}
,
		{
			"children": [
				2, 14
			]
			,"matrix": [
				1,					0,					0,					0,
				0,					1,					0,					0,
				0,					0,					1,					0,
				0,					0.0003,					0,					1
			]
			,"name": "scara_bot_rev4"		}
,
		{
			"children": [
				3, 5, 7, 12
			]
			,"name": "Base^scara_bot_rev4-1"		}
,
		{
			"children": [
				4
			]
			,"matrix": [
				1,					-2.573986E-15,					-5.585756E-16,					0,
				-5.585756E-16,					1.405351E-15,					-1,					0,
				2.573986E-15,					1,					1.405351E-15,					0,
				1.175845E-05,					0.15,					0.2002793,					1
			]
			,"name": "MainSupportBottom^Base_scara_bot_rev4-1"		}
,
		{
			"mesh": 0
			,"name": "MainSupportBottom^Base_scara_bot_rev4-1 - Part"		}
,
		{
			"children": [
				6
			]
			,"matrix": [
				-1,					7.753852E-16,					8.673075E-17,					0,
				-8.673075E-17,					8.187895E-16,					-1,					0,
				-7.753852E-16,					-1,					-8.187895E-16,					0,
				1.228184E-15,					0.201,					0.05,					1
			]
			,"name": "MainSupportTop^Base_scara_bot_rev4-1"		}
,
		{
			"mesh": 1
			,"name": "MainSupportTop^Base_scara_bot_rev4-1 - Part"		}
,
		{
			"children": [
				8, 10
			]
			,"name": "A1Motor^Base_scara_bot_rev4-1"		}
,
		{
			"children": [
				9
			]
			,"matrix": [
				-2.84511E-16,					-1,					-4.633837E-32,					0,
				-8.673075E-17,					-9.860761E-32,					-1,					0,
				1,					-2.84511E-16,					-8.673075E-17,					0,
				3.934052E-06,					0.201,					0.1002793,					1
			]
			,"name": "Motor^A1Motor_Base_scara_bot_rev4-1"		}
,
		{
			"mesh": 2
			,"name": "Motor^A1Motor_Base_scara_bot_rev4-1 - Part"		}
,
		{
			"children": [
				11
			]
			,"matrix": [
				0.8093367,					-5.253237E-16,					-0.587345,					0,
				0.587345,					-8.875202E-16,					0.8093367,					0,
				-9.464443E-16,					-1,					-4.097563E-16,					0,
				3.934052E-06,					0.1815,					0.1002793,					1
			]
			,"name": "HTD-5M-15mm-hex2-1"		}
,
		{
			"mesh": 3
			,"name": "HTD-5M-15mm-hex2-1 - Part"		}
,
		{
			"children": [
				13
			]
			,"matrix": [
				-1,					2.573986E-15,					3.617354E-30,					0,
				0,					1.405351E-15,					-1,					0,
				-2.573986E-15,					-1,					-1.405351E-15,					0,
				1.175845E-05,					0.15,					0.2002793,					1
			]
			,"name": "Part3^scara_bot_rev4-1"		}
,
		{
			"mesh": 4
			,"name": "Part3^scara_bot_rev4-1 - Part"		}
,
		{
			"children": [
				15, 17, 19, 21, 23, 25, 27, 29, 36, 43, 45, 47
			]
			,"name": "A1^scara_bot_rev4-1"		}
,
		{
			"children": [
				16
			]
			,"matrix": [
				-1,					-1.0483E-16,					1.110223E-16,					0,
				-1.0483E-16,					1,					1.543518E-15,					0,
				-1.110223E-16,					1.543518E-15,					-1,					0,
				4.996004E-16,					0.161,					0.19999,					1
			]
			,"name": "Arm1Bottom^A1_scara_bot_rev4-1"		}
,
		{
			"mesh": 5
			,"name": "Arm1Bottom^A1_scara_bot_rev4-1 - Part"		}
,
		{
			"children": [
				18
			]
			,"matrix": [
				2.895812E-16,					1,					-1.060333E-15,					0,
				0.5447796,					7.314153E-16,					0.8385792,					0,
				0.8385792,					-8.204846E-16,					-0.5447796,					0,
				3.469447E-16,					0.1895,					0.19999,					1
			]
			,"name": "needle rollers thrust bearing_skf_2-1"		}
,
		{
			"mesh": 6
			,"name": "needle rollers thrust bearing_skf_2-1 - Part"		}
,
		{
			"children": [
				20
			]
			,"matrix": [
				2.562047E-15,					1,					1.426144E-15,					0,
				-0.5447796,					2.591686E-15,					-0.8385792,					0,
				-0.8385792,					1.371545E-15,					0.5447796,					0,
				-3.670675E-15,					0.1615,					0.19999,					1
			]
			,"name": "needle rollers thrust bearing_skf_2-2"		}
,
		{
			"mesh": 7
			,"name": "needle rollers thrust bearing_skf_2-2 - Part"		}
,
		{
			"children": [
				22
			]
			,"matrix": [
				0.9884212,					9.171106E-16,					0.151735,					0,
				0.151735,					3.385146E-17,					-0.9884212,					0,
				-9.116281E-16,					1,					-1.056983E-16,					0,
				4.926615E-16,					0.1805,					0.19999,					1
			]
			,"name": "HTD-5M-15mm-plain2-1"		}
,
		{
			"mesh": 8
			,"name": "HTD-5M-15mm-plain2-1 - Part"		}
,
		{
			"children": [
				24
			]
			,"matrix": [
				0.827067,					-2.15098E-15,					0.5621035,					0,
				0.5621035,					4.023544E-16,					-0.827067,					0,
				1.55284E-15,					1,					1.541848E-15,					0,
				4.857226E-16,					0.1805,					0.39999,					1
			]
			,"name": "HTD-5M-15mm-plain2-2"		}
,
		{
			"mesh": 9
			,"name": "HTD-5M-15mm-plain2-2 - Part"		}
,
		{
			"children": [
				26
			]
			,"matrix": [
				2.562047E-15,					1,					1.426144E-15,					0,
				-0.5447796,					2.591686E-15,					-0.8385792,					0,
				-0.8385792,					1.371545E-15,					0.5447796,					0,
				1.139235E-12,					0.1615,					0.39999,					1
			]
			,"name": "needle rollers thrust bearing_skf_2-3"		}
,
		{
			"mesh": 10
			,"name": "needle rollers thrust bearing_skf_2-3 - Part"		}
,
		{
			"children": [
				28
			]
			,"matrix": [
				2.573986E-15,					1,					1.405351E-15,					0,
				-0.5447796,					2.580754E-15,					-0.8385792,					0,
				-0.8385792,					1.392884E-15,					0.5447796,					0,
				4.996004E-16,					0.1895,					0.39999,					1
			]
			,"name": "needle rollers thrust bearing_skf_2-4"		}
,
		{
			"mesh": 11
			,"name": "needle rollers thrust bearing_skf_2-4 - Part"		}
,
		{
			"children": [
				30, 32, 34
			]
			,"name": "bearing_61802_2-5"		}
,
		{
			"children": [
				31
			]
			,"matrix": [
				9.584584E-16,					1,					4.915538E-16,					0,
				0.3404073,					1.35931E-16,					-0.9402781,					0,
				-0.9402781,					1.068546E-15,					-0.3404073,					0,
				1.011367E-15,					0.15,					0.19999,					1
			]
			,"name": "bearing_61802_2_03-1"		}
,
		{
			"mesh": 12
			,"name": "bearing_61802_2_03-1 - Part"		}
,
		{
			"children": [
				33
			]
			,"matrix": [
				9.584584E-16,					1,					4.915538E-16,					0,
				0.3404073,					1.35931E-16,					-0.9402781,					0,
				-0.9402781,					1.068546E-15,					-0.3404073,					0,
				1.011367E-15,					0.15,					0.19999,					1
			]
			,"name": "bearing_61802_2_02-1"		}
,
		{
			"mesh": 13
			,"name": "bearing_61802_2_02-1 - Part"		}
,
		{
			"children": [
				35
			]
			,"matrix": [
				9.584584E-16,					1,					4.915538E-16,					0,
				0.3404073,					1.35931E-16,					-0.9402781,					0,
				-0.9402781,					1.068546E-15,					-0.3404073,					0,
				1.011367E-15,					0.15,					0.19999,					1
			]
			,"name": "bearing_61802_2_01-1"		}
,
		{
			"mesh": 14
			,"name": "bearing_61802_2_01-1 - Part"		}
,
		{
			"children": [
				37, 39, 41
			]
			,"name": "bearing_61802_2-6"		}
,
		{
			"children": [
				38
			]
			,"matrix": [
				3.966588E-15,					-1,					-4.717221E-16,					0,
				-0.3404073,					-9.067059E-16,					-0.9402781,					0,
				0.9402781,					3.890274E-15,					-0.3404073,					0,
				-1.480714E-15,					0.201,					0.19999,					1
			]
			,"name": "bearing_61802_2_03-1 2"		}
,
		{
			"mesh": 15
			,"name": "bearing_61802_2_03-1 2 - Part"		}
,
		{
			"children": [
				40
			]
			,"matrix": [
				3.966588E-15,					-1,					-4.717221E-16,					0,
				-0.3404073,					-9.067059E-16,					-0.9402781,					0,
				0.9402781,					3.890274E-15,					-0.3404073,					0,
				-1.480714E-15,					0.201,					0.19999,					1
			]
			,"name": "bearing_61802_2_02-1 2"		}
,
		{
			"mesh": 16
			,"name": "bearing_61802_2_02-1 2 - Part"		}
,
		{
			"children": [
				42
			]
			,"matrix": [
				3.966588E-15,					-1,					-4.717221E-16,					0,
				-0.3404073,					-9.067059E-16,					-0.9402781,					0,
				0.9402781,					3.890274E-15,					-0.3404073,					0,
				-1.480714E-15,					0.201,					0.19999,					1
			]
			,"name": "bearing_61802_2_01-1 2"		}
,
		{
			"mesh": 17
			,"name": "bearing_61802_2_01-1 2 - Part"		}
,
		{
			"children": [
				44
			]
			,"matrix": [
				0.400585,					-1.060831E-15,					0.9162596,					0,
				0.9162596,					-3.824594E-16,					-0.400585,					0,
				7.753852E-16,					1,					8.187895E-16,					0,
				5.828671E-16,					0.211,					0.19999,					1
			]
			,"name": "hexagon nut with flange_jis-3"		}
,
		{
			"mesh": 18
			,"name": "hexagon nut with flange_jis-3 - Part"		}
,
		{
			"children": [
				46
			]
			,"matrix": [
				-0.4655612,					-3.636523E-16,					0.8850157,					0,
				-0.8850157,					1.067425E-15,					-0.4655612,					0,
				-7.753852E-16,					-1,					-8.187895E-16,					0,
				6.106227E-16,					0.21,					0.19999,					1
			]
			,"name": "Shaft^scara_bot_rev4-4"		}
,
		{
			"mesh": 19
			,"name": "Shaft^scara_bot_rev4-4 - Part"		}
,
		{
			"children": [
				48, 61, 63, 70, 77, 79, 81, 83, 85, 87, 92, 97, 99, 101, 106, 108
			]
			,"name": "A2^scara_bot_rev4-1"		}
,
		{
			"children": [
				49, 60
			]
			,"matrix": [
				-0.1214204,					-1.267389E-15,					0.9926012,					0,
				0.9926012,					-9.423566E-16,					0.1214204,					0,
				7.814973E-16,					1,					1.372434E-15,					0,
				-5.670736E-14,					0.395,					0.59999,					1
			]
			,"name": "RSSY1616Shaft^scara_bot_rev4-1"		}
,
		{
			"children": [
				50, 53, 55, 58
			]
			,"matrix": [
				-0.1214204,					0.9926013,					7.814974E-16,					0,
				-1.26739E-15,					-9.423567E-16,					1,					0,
				0.9926013,					0.1214204,					1.372434E-15,					0,
				-0.5955508,					-0.07285103,					-0.395,					1
			]
			,"name": "NMHZ2-16D-1"		}
,
		{
			"children": [
				51
			]
			,"name": "MirrorComponent1-2"		}
,
		{
			"children": [
				52
			]
			,"matrix": [
				-1,					7.814973E-16,					-7.910339E-16,					0,
				7.910339E-16,					1.372434E-15,					-1,					0,
				-7.814973E-16,					-1,					-1.372434E-15,					0,
				-0.011,					0.0995,					0.59999,					1
			]
			,"name": "NMHZ2-16D air claw-2"		}
,
		{
			"mesh": 20
			,"name": "NMHZ2-16D air claw-2 - Part"		}
,
		{
			"children": [
				54
			]
			,"matrix": [
				1,					-7.814973E-16,					7.910339E-16,					0,
				-7.910339E-16,					-1.372434E-15,					1,					0,
				-7.814973E-16,					-1,					-1.372434E-15,					0,
				0.011,					0.0995,					0.59999,					1
			]
			,"name": "NMHZ2-16D air claw-1"		}
,
		{
			"mesh": 21
			,"name": "NMHZ2-16D air claw-1 - Part"		}
,
		{
			"children": [
				56, 57
			]
			,"matrix": [
				1,					-7.814973E-16,					7.910339E-16,					0,
				-7.910339E-16,					-1.372434E-15,					1,					0,
				-7.814973E-16,					-1,					-1.372434E-15,					0,
				-5.681913E-14,					0.1075,					0.59999,					1
			]
			,"name": "NMHZ2-16D Slipway-1"		}
,
		{
			"mesh": 22
			,"name": "NMHZ2-16D Slipway-1 - Part 2"		}
,
		{
			"mesh": 23
			,"name": "NMHZ2-16D Slipway-1 - Part"		}
,
		{
			"children": [
				59
			]
			,"matrix": [
				1,					-7.814973E-16,					7.910339E-16,					0,
				-7.910339E-16,					-1.372434E-15,					1,					0,
				-7.814973E-16,					-1,					-1.372434E-15,					0,
				-5.673587E-14,					0.15,					0.59999,					1
			]
			,"name": "NMHZ2-16D cylinder-1"		}
,
		{
			"mesh": 24
			,"name": "NMHZ2-16D cylinder-1 - Part"		}
,
		{
			"mesh": 25
			,"name": "RSSY1616Shaft^scara_bot_rev4-1 - Part"		}
,
		{
			"children": [
				62
			]
			,"matrix": [
				-0.872093,					-9.920476E-16,					0.4893402,					0,
				-0.4893402,					-6.41663E-16,					-0.872093,					0,
				1.179149E-15,					-1,					7.414104E-17,					0,
				-4.958223E-16,					0.21,					0.39999,					1
			]
			,"name": "Shaft^scara_bot_rev4-5"		}
,
		{
			"mesh": 26
			,"name": "Shaft^scara_bot_rev4-5 - Part"		}
,
		{
			"children": [
				64, 66, 68
			]
			,"name": "bearing_61802_2-2"		}
,
		{
			"children": [
				65
			]
			,"matrix": [
				-1.214093E-15,					1,					4.323256E-17,					0,
				0.8180715,					1.018078E-15,					-0.5751166,					0,
				-0.5751166,					-6.628774E-16,					-0.8180715,					0,
				-4.386183E-16,					0.15,					0.39999,					1
			]
			,"name": "bearing_61802_2_01-1 4"		}
,
		{
			"mesh": 27
			,"name": "bearing_61802_2_01-1 4 - Part"		}
,
		{
			"children": [
				67
			]
			,"matrix": [
				-1.214093E-15,					1,					4.323256E-17,					0,
				0.8180715,					1.018078E-15,					-0.5751166,					0,
				-0.5751166,					-6.628774E-16,					-0.8180715,					0,
				-4.386183E-16,					0.15,					0.39999,					1
			]
			,"name": "bearing_61802_2_02-1 4"		}
,
		{
			"mesh": 28
			,"name": "bearing_61802_2_02-1 4 - Part"		}
,
		{
			"children": [
				69
			]
			,"matrix": [
				-1.214093E-15,					1,					4.323256E-17,					0,
				0.8180715,					1.018078E-15,					-0.5751166,					0,
				-0.5751166,					-6.628774E-16,					-0.8180715,					0,
				-4.386183E-16,					0.15,					0.39999,					1
			]
			,"name": "bearing_61802_2_03-1 4"		}
,
		{
			"mesh": 29
			,"name": "bearing_61802_2_03-1 4 - Part"		}
,
		{
			"children": [
				71, 73, 75
			]
			,"name": "bearing_61802_2-1"		}
,
		{
			"children": [
				72
			]
			,"matrix": [
				-1.181156E-15,					1,					-7.657068E-17,					0,
				0.1126919,					2.091896E-16,					0.99363,					0,
				0.99363,					1.165003E-15,					-0.1126919,					0,
				-5.959145E-16,					0.196,					0.39999,					1
			]
			,"name": "bearing_61802_2_01-1 3"		}
,
		{
			"mesh": 30
			,"name": "bearing_61802_2_01-1 3 - Part"		}
,
		{
			"children": [
				74
			]
			,"matrix": [
				-1.181156E-15,					1,					-7.657068E-17,					0,
				0.1126919,					2.091896E-16,					0.99363,					0,
				0.99363,					1.165003E-15,					-0.1126919,					0,
				-5.959145E-16,					0.196,					0.39999,					1
			]
			,"name": "bearing_61802_2_02-1 3"		}
,
		{
			"mesh": 31
			,"name": "bearing_61802_2_02-1 3 - Part"		}
,
		{
			"children": [
				76
			]
			,"matrix": [
				-1.181156E-15,					1,					-7.657068E-17,					0,
				0.1126919,					2.091896E-16,					0.99363,					0,
				0.99363,					1.165003E-15,					-0.1126919,					0,
				-5.959145E-16,					0.196,					0.39999,					1
			]
			,"name": "bearing_61802_2_03-1 3"		}
,
		{
			"mesh": 32
			,"name": "bearing_61802_2_03-1 3 - Part"		}
,
		{
			"children": [
				78
			]
			,"matrix": [
				0.2169638,					3.282077E-16,					0.9761797,					0,
				0.9761797,					1.134976E-15,					-0.2169638,					0,
				-1.179149E-15,					1,					-7.414104E-17,					0,
				-6.333673E-16,					0.211,					0.39999,					1
			]
			,"name": "hexagon nut with flange_jis-4"		}
,
		{
			"mesh": 33
			,"name": "hexagon nut with flange_jis-4 - Part"		}
,
		{
			"children": [
				80
			]
			,"matrix": [
				-1.411679E-15,					-1,					-1.693666E-15,					0,
				0.8490381,					-3.037518E-16,					-0.5283316,					0,
				0.5283316,					-2.183821E-15,					0.8490381,					0,
				-2.303713E-15,					0.215605,					0.59999,					1
			]
			,"name": "pulley_3m09-1-48-8-2"		}
,
		{
			"mesh": 34
			,"name": "pulley_3m09-1-48-8-2 - Part"		}
,
		{
			"children": [
				82
			]
			,"matrix": [
				-8.285569E-16,					-1,					-1.398529E-15,					0,
				-0.8741556,					1.403478E-15,					-0.485646,					0,
				0.485646,					8.201467E-16,					-0.8741556,					0,
				-2.581269E-15,					0.1898872,					0.59999,					1
			]
			,"name": "pulley_3m09-1-48-8-1"		}
,
		{
			"mesh": 35
			,"name": "pulley_3m09-1-48-8-1 - Part"		}
,
		{
			"children": [
				84
			]
			,"matrix": [
				2.220446E-16,					-2.760371E-15,					1,					0,
				1,					5.62327E-16,					-2.220446E-16,					0,
				-5.62327E-16,					1,					2.760371E-15,					0,
				0.1683013,					0.226,					0.08709987,					1
			]
			,"name": "SubMountSpacer^A2_scara_bot_rev4-2"		}
,
		{
			"mesh": 36
			,"name": "SubMountSpacer^A2_scara_bot_rev4-2 - Part"		}
,
		{
			"children": [
				86
			]
			,"matrix": [
				2.220446E-16,					-2.760371E-15,					1,					0,
				1,					5.62327E-16,					-2.220446E-16,					0,
				-5.62327E-16,					1,					2.760371E-15,					0,
				0.1683013,					0.226,					0.08709987,					1
			]
			,"name": "SubMount^A2_scara_bot_rev4-1"		}
,
		{
			"mesh": 37
			,"name": "SubMount^A2_scara_bot_rev4-1 - Part"		}
,
		{
			"children": [
				88, 90
			]
			,"name": "ZMotor^A2_scara_bot_rev4-4"		}
,
		{
			"children": [
				89
			]
			,"matrix": [
				6.124671E-16,					1,					4.719699E-16,					0,
				-0.8741516,					7.575159E-16,					-0.4856532,					0,
				-0.4856532,					-1.113531E-16,					0.8741516,					0,
				0.0259144,					0.2057781,					0.5519858,					1
			]
			,"name": "pulley_3m09-1f-20-6-1 2"		}
,
		{
			"mesh": 38
			,"name": "pulley_3m09-1f-20-6-1 2 - Part"		}
,
		{
			"children": [
				91
			]
			,"matrix": [
				-5.716082E-16,					-1,					-4.950362E-16,					0,
				-3.330669E-16,					4.950362E-16,					-1,					0,
				1,					-5.716082E-16,					-3.330669E-16,					0,
				0.0259144,					0.226,					0.5519858,					1
			]
			,"name": "Motor2^ZMotor_A2_scara_bot_rev4-1 2"		}
,
		{
			"mesh": 39
			,"name": "Motor2^ZMotor_A2_scara_bot_rev4-1 2 - Part"		}
,
		{
			"children": [
				93, 95
			]
			,"name": "ZMotor^A2_scara_bot_rev4-3"		}
,
		{
			"children": [
				94
			]
			,"matrix": [
				1.471624E-15,					1,					1.681026E-15,					0,
				-0.4856532,					-7.618595E-16,					0.8741516,					0,
				0.8741516,					-2.099045E-15,					0.4856532,					0,
				-0.02361114,					0.1807781,					0.5519858,					1
			]
			,"name": "pulley_3m09-1f-20-6-1"		}
,
		{
			"mesh": 40
			,"name": "pulley_3m09-1f-20-6-1 - Part"		}
,
		{
			"children": [
				96
			]
			,"matrix": [
				-1.494691E-15,					-1,					-1.721885E-15,					0,
				-1,					1.494691E-15,					1.110223E-16,					0,
				-1.110223E-16,					1.721885E-15,					-1,					0,
				-0.02361114,					0.201,					0.5519858,					1
			]
			,"name": "Motor2^ZMotor_A2_scara_bot_rev4-1"		}
,
		{
			"mesh": 41
			,"name": "Motor2^ZMotor_A2_scara_bot_rev4-1 - Part"		}
,
		{
			"children": [
				98
			]
			,"matrix": [
				0.2594443,					-1.528194E-15,					0.9657581,					0,
				-0.9657581,					3.986672E-16,					0.2594443,					0,
				-7.814973E-16,					-1,					-1.372434E-15,					0,
				-90.60725,					0.166,					23.09639,					1
			]
			,"name": "RSSY1616^A2_scara_bot_rev4-1"		}
,
		{
			"mesh": 42
			,"name": "RSSY1616^A2_scara_bot_rev4-1 - Part"		}
,
		{
			"children": [
				100
			]
			,"matrix": [
				-1,					1.411679E-15,					5.551115E-17,					0,
				-1.411679E-15,					-1,					-1.693666E-15,					0,
				5.551115E-17,					-1.693666E-15,					1,					0,
				-2.275957E-15,					0.238,					0.59999,					1
			]
			,"name": "RSSY01616.1.8^A2_scara_bot_rev4-1"		}
,
		{
			"mesh": 43
			,"name": "RSSY01616.1.8^A2_scara_bot_rev4-1 - Part"		}
,
		{
			"children": [
				102, 104
			]
			,"name": "A2Motor^A2_scara_bot_rev4-1"		}
,
		{
			"children": [
				103
			]
			,"matrix": [
				0.8093367,					-1.052228E-15,					-0.587345,					0,
				0.587345,					-1.13579E-15,					0.8093367,					0,
				-1.518708E-15,					-1,					-3.01216E-16,					0,
				0.0009143993,					0.1815,					0.4999858,					1
			]
			,"name": "HTD-5M-15mm-hex2-1 2"		}
,
		{
			"mesh": 44
			,"name": "HTD-5M-15mm-hex2-1 2 - Part"		}
,
		{
			"children": [
				105
			]
			,"matrix": [
				-2.307761E-15,					-1,					-9.692379E-16,					0,
				-2.775558E-16,					9.692379E-16,					-1,					0,
				1,					-2.307761E-15,					-2.775558E-16,					0,
				0.0009143993,					0.201,					0.4999858,					1
			]
			,"name": "Motor^A2Motor_A2_scara_bot_rev4-1"		}
,
		{
			"mesh": 45
			,"name": "Motor^A2Motor_A2_scara_bot_rev4-1 - Part"		}
,
		{
			"children": [
				107
			]
			,"matrix": [
				1,					-1.494691E-15,					7.21645E-16,					0,
				-1.494691E-15,					-1,					-1.74083E-15,					0,
				7.21645E-16,					1.74083E-15,					-1,					0,
				-1.781456,					0.201,					93.94124,					1
			]
			,"name": "Arm2Top^A2_scara_bot_rev4-3"		}
,
		{
			"mesh": 46
			,"name": "Arm2Top^A2_scara_bot_rev4-3 - Part"		}
,
		{
			"children": [
				109
			]
			,"matrix": [
				1,					-1.55284E-15,					7.21645E-16,					0,
				-1.55284E-15,					-1,					-1.541848E-15,					0,
				7.21645E-16,					1.541848E-15,					-1,					0,
				-1.781456,					0.16,					93.94124,					1
			]
			,"name": "Arm2Bottom^A2_scara_bot_rev4-1"		}
,
		{
			"mesh": 47
			,"name": "Arm2Bottom^A2_scara_bot_rev4-1 - Part"		}
,
		{
			"matrix": [
				0.6770138,					-1.490116E-08,					0.7359703,					0,
				0.4798476,					0.7582248,					-0.4414083,					0,
				-0.558031,					0.6519931,					0.5133287,					0,
				-1.19503,					1.675772,					1.682753,					1
			]
			,"camera": 0
			,"name": "Default Camera"		}
,
		{
			"name": "High Contrast Ramp"		}
,
		{
			"name": "Studio Soft Grey 12"		}
	],
	"cameras": [
		{
			"type": "perspective",
			"perspective" : {
				"aspectRatio": 1.777778,
				"yfov" : 0.2617994,
				"zfar" : 100,
				"znear" : 0.01
			}
		}
	],
	"meshes" : [
		{
			"primitives" : [
				{
					"attributes" : {
					"POSITION" : 1
					,"NORMAL" : 2
					,"TEXCOORD_0" : 3
					},
					"indices" : 0,
					"mode": 4,
					"material" : 0
				}
			]
		},
		{
			"primitives" : [
				{
					"attributes" : {
					"POSITION" : 5
					,"NORMAL" : 6
					,"TEXCOORD_0" : 7
					},
					"indices" : 4,
					"mode": 4,
					"material" : 1
				}
			]
		},
		{
			"primitives" : [
				{
					"attributes" : {
					"POSITION" : 9
					,"NORMAL" : 10
					,"TEXCOORD_0" : 11
					},
					"indices" : 8,
					"mode": 4,
					"material" : 2
				}
			]
		},
		{
			"primitives" : [
				{
					"attributes" : {
					"POSITION" : 13
					,"NORMAL" : 14
					,"TEXCOORD_0" : 15
					},
					"indices" : 12,
					"mode": 4,
					"material" : 3
				}
			]
		},
		{
			"primitives" : [
				{
					"attributes" : {
					"POSITION" : 17
					,"NORMAL" : 18
					,"TEXCOORD_0" : 19
					},
					"indices" : 16,
					"mode": 4,
					"material" : 4
				}
			]
		},
		{
			"primitives" : [
				{
					"attributes" : {
					"POSITION" : 21
					,"NORMAL" : 22
					,"TEXCOORD_0" : 23
					},
					"indices" : 20,
					"mode": 4,
					"material" : 5
				}
			]
		},
		{
			"primitives" : [
				{
					"attributes" : {
					"POSITION" : 25
					,"NORMAL" : 26
					,"TEXCOORD_0" : 27
					},
					"indices" : 24,
					"mode": 4,
					"material" : 3
				}
			]
		},
		{
			"primitives" : [
				{
					"attributes" : {
					"POSITION" : 29
					,"NORMAL" : 30
					,"TEXCOORD_0" : 31
					},
					"indices" : 28,
					"mode": 4,
					"material" : 3
				}
			]
		},
		{
			"primitives" : [
				{
					"attributes" : {
					"POSITION" : 33
					,"NORMAL" : 34
					,"TEXCOORD_0" : 35
					},
					"indices" : 32,
					"mode": 4,
					"material" : 3
				}
			]
		},
		{
			"primitives" : [
				{
					"attributes" : {
					"POSITION" : 37
					,"NORMAL" : 38
					,"TEXCOORD_0" : 39
					},
					"indices" : 36,
					"mode": 4,
					"material" : 3
				}
			]
		},
		{
			"primitives" : [
				{
					"attributes" : {
					"POSITION" : 41
					,"NORMAL" : 42
					,"TEXCOORD_0" : 43
					},
					"indices" : 40,
					"mode": 4,
					"material" : 3
				}
			]
		},
		{
			"primitives" : [
				{
					"attributes" : {
					"POSITION" : 45
					,"NORMAL" : 46
					,"TEXCOORD_0" : 47
					},
					"indices" : 44,
					"mode": 4,
					"material" : 3
				}
			]
		},
		{
			"primitives" : [
				{
					"attributes" : {
					"POSITION" : 49
					,"NORMAL" : 50
					,"TEXCOORD_0" : 51
					},
					"indices" : 48,
					"mode": 4,
					"material" : 3
				}
			]
		},
		{
			"primitives" : [
				{
					"attributes" : {
					"POSITION" : 53
					,"NORMAL" : 54
					,"TEXCOORD_0" : 55
					},
					"indices" : 52,
					"mode": 4,
					"material" : 3
				}
			]
		},
		{
			"primitives" : [
				{
					"attributes" : {
					"POSITION" : 57
					,"NORMAL" : 58
					,"TEXCOORD_0" : 59
					},
					"indices" : 56,
					"mode": 4,
					"material" : 3
				}
			]
		},
		{
			"primitives" : [
				{
					"attributes" : {
					"POSITION" : 61
					,"NORMAL" : 62
					,"TEXCOORD_0" : 63
					},
					"indices" : 60,
					"mode": 4,
					"material" : 3
				}
			]
		},
		{
			"primitives" : [
				{
					"attributes" : {
					"POSITION" : 65
					,"NORMAL" : 66
					,"TEXCOORD_0" : 67
					},
					"indices" : 64,
					"mode": 4,
					"material" : 3
				}
			]
		},
		{
			"primitives" : [
				{
					"attributes" : {
					"POSITION" : 69
					,"NORMAL" : 70
					,"TEXCOORD_0" : 71
					},
					"indices" : 68,
					"mode": 4,
					"material" : 3
				}
			]
		},
		{
			"primitives" : [
				{
					"attributes" : {
					"POSITION" : 73
					,"NORMAL" : 74
					,"TEXCOORD_0" : 75
					},
					"indices" : 72,
					"mode": 4,
					"material" : 6
				}
			]
		},
		{
			"primitives" : [
				{
					"attributes" : {
					"POSITION" : 77
					,"NORMAL" : 78
					,"TEXCOORD_0" : 79
					},
					"indices" : 76,
					"mode": 4,
					"material" : 7
				}
			]
		},
		{
			"primitives" : [
				{
					"attributes" : {
					"POSITION" : 81
					,"NORMAL" : 82
					,"TEXCOORD_0" : 83
					},
					"indices" : 80,
					"mode": 4,
					"material" : 8
				}
			]
		},
		{
			"primitives" : [
				{
					"attributes" : {
					"POSITION" : 85
					,"NORMAL" : 86
					,"TEXCOORD_0" : 87
					},
					"indices" : 84,
					"mode": 4,
					"material" : 9
				}
			]
		},
		{
			"primitives" : [
				{
					"attributes" : {
					"POSITION" : 89
					,"NORMAL" : 90
					,"TEXCOORD_0" : 91
					},
					"indices" : 88,
					"mode": 4,
					"material" : 10
				}
			]
		},
		{
			"primitives" : [
				{
					"attributes" : {
					"POSITION" : 93
					,"NORMAL" : 94
					,"TEXCOORD_0" : 95
					},
					"indices" : 92,
					"mode": 4,
					"material" : 3
				}
			]
		},
		{
			"primitives" : [
				{
					"attributes" : {
					"POSITION" : 97
					,"NORMAL" : 98
					,"TEXCOORD_0" : 99
					},
					"indices" : 96,
					"mode": 4,
					"material" : 11
				}
			]
		},
		{
			"primitives" : [
				{
					"attributes" : {
					"POSITION" : 101
					,"NORMAL" : 102
					,"TEXCOORD_0" : 103
					},
					"indices" : 100,
					"mode": 4,
					"material" : 12
				},
				{
					"attributes" : {
					"POSITION" : 105
					,"NORMAL" : 106
					,"TEXCOORD_0" : 107
					},
					"indices" : 104,
					"mode": 4,
					"material" : 12
				}
			]
		},
		{
			"primitives" : [
				{
					"attributes" : {
					"POSITION" : 109
					,"NORMAL" : 110
					,"TEXCOORD_0" : 111
					},
					"indices" : 108,
					"mode": 4,
					"material" : 13
				}
			]
		},
		{
			"primitives" : [
				{
					"attributes" : {
					"POSITION" : 113
					,"NORMAL" : 114
					,"TEXCOORD_0" : 115
					},
					"indices" : 112,
					"mode": 4,
					"material" : 3
				}
			]
		},
		{
			"primitives" : [
				{
					"attributes" : {
					"POSITION" : 117
					,"NORMAL" : 118
					,"TEXCOORD_0" : 119
					},
					"indices" : 116,
					"mode": 4,
					"material" : 3
				}
			]
		},
		{
			"primitives" : [
				{
					"attributes" : {
					"POSITION" : 121
					,"NORMAL" : 122
					,"TEXCOORD_0" : 123
					},
					"indices" : 120,
					"mode": 4,
					"material" : 3
				}
			]
		},
		{
			"primitives" : [
				{
					"attributes" : {
					"POSITION" : 125
					,"NORMAL" : 126
					,"TEXCOORD_0" : 127
					},
					"indices" : 124,
					"mode": 4,
					"material" : 3
				}
			]
		},
		{
			"primitives" : [
				{
					"attributes" : {
					"POSITION" : 129
					,"NORMAL" : 130
					,"TEXCOORD_0" : 131
					},
					"indices" : 128,
					"mode": 4,
					"material" : 3
				}
			]
		},
		{
			"primitives" : [
				{
					"attributes" : {
					"POSITION" : 133
					,"NORMAL" : 134
					,"TEXCOORD_0" : 135
					},
					"indices" : 132,
					"mode": 4,
					"material" : 3
				}
			]
		},
		{
			"primitives" : [
				{
					"attributes" : {
					"POSITION" : 137
					,"NORMAL" : 138
					,"TEXCOORD_0" : 139
					},
					"indices" : 136,
					"mode": 4,
					"material" : 14
				}
			]
		},
		{
			"primitives" : [
				{
					"attributes" : {
					"POSITION" : 141
					,"NORMAL" : 142
					,"TEXCOORD_0" : 143
					},
					"indices" : 140,
					"mode": 4,
					"material" : 3
				}
			]
		},
		{
			"primitives" : [
				{
					"attributes" : {
					"POSITION" : 145
					,"NORMAL" : 146
					,"TEXCOORD_0" : 147
					},
					"indices" : 144,
					"mode": 4,
					"material" : 3
				}
			]
		},
		{
			"primitives" : [
				{
					"attributes" : {
					"POSITION" : 149
					,"NORMAL" : 150
					,"TEXCOORD_0" : 151
					},
					"indices" : 148,
					"mode": 4,
					"material" : 15
				}
			]
		},
		{
			"primitives" : [
				{
					"attributes" : {
					"POSITION" : 153
					,"NORMAL" : 154
					,"TEXCOORD_0" : 155
					},
					"indices" : 152,
					"mode": 4,
					"material" : 16
				}
			]
		},
		{
			"primitives" : [
				{
					"attributes" : {
					"POSITION" : 157
					,"NORMAL" : 158
					,"TEXCOORD_0" : 159
					},
					"indices" : 156,
					"mode": 4,
					"material" : 3
				}
			]
		},
		{
			"primitives" : [
				{
					"attributes" : {
					"POSITION" : 161
					,"NORMAL" : 162
					,"TEXCOORD_0" : 163
					},
					"indices" : 160,
					"mode": 4,
					"material" : 17
				}
			]
		},
		{
			"primitives" : [
				{
					"attributes" : {
					"POSITION" : 165
					,"NORMAL" : 166
					,"TEXCOORD_0" : 167
					},
					"indices" : 164,
					"mode": 4,
					"material" : 3
				}
			]
		},
		{
			"primitives" : [
				{
					"attributes" : {
					"POSITION" : 169
					,"NORMAL" : 170
					,"TEXCOORD_0" : 171
					},
					"indices" : 168,
					"mode": 4,
					"material" : 18
				}
			]
		},
		{
			"primitives" : [
				{
					"attributes" : {
					"POSITION" : 173
					,"NORMAL" : 174
					,"TEXCOORD_0" : 175
					},
					"indices" : 172,
					"mode": 4,
					"material" : 19
				}
			]
		},
		{
			"primitives" : [
				{
					"attributes" : {
					"POSITION" : 177
					,"NORMAL" : 178
					,"TEXCOORD_0" : 179
					},
					"indices" : 176,
					"mode": 4,
					"material" : 20
				}
			]
		},
		{
			"primitives" : [
				{
					"attributes" : {
					"POSITION" : 181
					,"NORMAL" : 182
					,"TEXCOORD_0" : 183
					},
					"indices" : 180,
					"mode": 4,
					"material" : 3
				}
			]
		},
		{
			"primitives" : [
				{
					"attributes" : {
					"POSITION" : 185
					,"NORMAL" : 186
					,"TEXCOORD_0" : 187
					},
					"indices" : 184,
					"mode": 4,
					"material" : 21
				}
			]
		},
		{
			"primitives" : [
				{
					"attributes" : {
					"POSITION" : 189
					,"NORMAL" : 190
					,"TEXCOORD_0" : 191
					},
					"indices" : 188,
					"mode": 4,
					"material" : 22
				}
			]
		},
		{
			"primitives" : [
				{
					"attributes" : {
					"POSITION" : 193
					,"NORMAL" : 194
					,"TEXCOORD_0" : 195
					},
					"indices" : 192,
					"mode": 4,
					"material" : 23
				}
			]
		}
	],
	"accessors" : [
			{
				"bufferView": 3,
				"byteOffset" : 0,
				"componentType" : 5125,
				"count" : 912,
				"type" : "SCALAR"
			},
			{
				"bufferView": 0,
				"byteOffset" : 0,
				"componentType" : 5126,
				"count" : 386,
				"type" : "VEC3"
								,"min": [-0.0500117578,-0.0497106947,-3.9240514E-32]
								,"max": [0.04998824,0.20027931,0.00999999978]
			},
			{
				"bufferView": 1,
				"byteOffset" : 0,
				"componentType" : 5126,
				"count" : 386,
				"type" : "VEC3"
			},
			{
				"bufferView": 2,
				"byteOffset" : 0,
				"componentType" : 5126,
				"count" : 386,
				"type" : "VEC2"
			},
			{
				"bufferView": 7,
				"byteOffset" : 0,
				"componentType" : 5125,
				"count" : 1320,
				"type" : "SCALAR"
			},
			{
				"bufferView": 4,
				"byteOffset" : 0,
				"componentType" : 5126,
				"count" : 574,
				"type" : "VEC3"
								,"min": [-0.0500000007,-0.199990004,-3.55071146E-33]
								,"max": [0.0500000007,0.0500000007,0.00999999978]
			},
			{
				"bufferView": 5,
				"byteOffset" : 0,
				"componentType" : 5126,
				"count" : 574,
				"type" : "VEC3"
			},
			{
				"bufferView": 6,
				"byteOffset" : 0,
				"componentType" : 5126,
				"count" : 574,
				"type" : "VEC2"
			},
			{
				"bufferView": 11,
				"byteOffset" : 0,
				"componentType" : 5125,
				"count" : 2502,
				"type" : "SCALAR"
			},
			{
				"bufferView": 8,
				"byteOffset" : 0,
				"componentType" : 5126,
				"count" : 1092,
				"type" : "VEC3"
								,"min": [-0.0724999979,-0.0299999993,-0.0299999993]
								,"max": [0.0299999993,0.0299999993,0.0299999993]
			},
			{
				"bufferView": 9,
				"byteOffset" : 0,
				"componentType" : 5126,
				"count" : 1092,
				"type" : "VEC3"
			},
			{
				"bufferView": 10,
				"byteOffset" : 0,
				"componentType" : 5126,
				"count" : 1092,
				"type" : "VEC2"
			},
			{
				"bufferView": 15,
				"byteOffset" : 0,
				"componentType" : 5125,
				"count" : 7500,
				"type" : "SCALAR"
			},
			{
				"bufferView": 12,
				"byteOffset" : 0,
				"componentType" : 5126,
				"count" : 3544,
				"type" : "VEC3"
								,"min": [-0.0153239453,-0.0153166773,-0.00949999969]
								,"max": [0.0153239453,0.0153166773,0.00949999969]
			},
			{
				"bufferView": 13,
				"byteOffset" : 0,
				"componentType" : 5126,
				"count" : 3544,
				"type" : "VEC3"
			},
			{
				"bufferView": 14,
				"byteOffset" : 0,
				"componentType" : 5126,
				"count" : 3544,
				"type" : "VEC2"
			},
			{
				"bufferView": 19,
				"byteOffset" : 0,
				"componentType" : 5125,
				"count" : 36,
				"type" : "SCALAR"
			},
			{
				"bufferView": 16,
				"byteOffset" : 0,
				"componentType" : 5126,
				"count" : 24,
				"type" : "VEC3"
								,"min": [-0.04998824,0.0802793056,0]
								,"max": [0.0500117578,0.20027931,0.150000006]
			},
			{
				"bufferView": 17,
				"byteOffset" : 0,
				"componentType" : 5126,
				"count" : 24,
				"type" : "VEC3"
			},
			{
				"bufferView": 18,
				"byteOffset" : 0,
				"componentType" : 5126,
				"count" : 24,
				"type" : "VEC2"
			},
			{
				"bufferView": 23,
				"byteOffset" : 0,
				"componentType" : 5125,
				"count" : 2892,
				"type" : "SCALAR"
			},
			{
				"bufferView": 20,
				"byteOffset" : 0,
				"componentType" : 5126,
				"count" : 1168,
				"type" : "VEC3"
								,"min": [-0.0500000007,-8.56824518E-33,-0.25]
								,"max": [0.0500000007,0.00999999978,0.0500000007]
			},
			{
				"bufferView": 21,
				"byteOffset" : 0,
				"componentType" : 5126,
				"count" : 1168,
				"type" : "VEC3"
			},
			{
				"bufferView": 22,
				"byteOffset" : 0,
				"componentType" : 5126,
				"count" : 1168,
				"type" : "VEC2"
			},
			{
				"bufferView": 27,
				"byteOffset" : 0,
				"componentType" : 5125,
				"count" : 15294,
				"type" : "SCALAR"
			},
			{
				"bufferView": 24,
				"byteOffset" : 0,
				"componentType" : 5126,
				"count" : 6280,
				"type" : "VEC3"
								,"min": [-0.00150000001,-0.0349846333,-0.0350000039]
								,"max": [0.00150000001,0.0349846333,0.0349385329]
			},
			{
				"bufferView": 25,
				"byteOffset" : 0,
				"componentType" : 5126,
				"count" : 6280,
				"type" : "VEC3"
			},
			{
				"bufferView": 26,
				"byteOffset" : 0,
				"componentType" : 5126,
				"count" : 6280,
				"type" : "VEC2"
			},
			{
				"bufferView": 31,
				"byteOffset" : 0,
				"componentType" : 5125,
				"count" : 15294,
				"type" : "SCALAR"
			},
			{
				"bufferView": 28,
				"byteOffset" : 0,
				"componentType" : 5126,
				"count" : 6280,
				"type" : "VEC3"
								,"min": [-0.00150000001,-0.0349846333,-0.0350000039]
								,"max": [0.00150000001,0.0349846333,0.0349385329]
			},
			{
				"bufferView": 29,
				"byteOffset" : 0,
				"componentType" : 5126,
				"count" : 6280,
				"type" : "VEC3"
			},
			{
				"bufferView": 30,
				"byteOffset" : 0,
				"componentType" : 5126,
				"count" : 6280,
				"type" : "VEC2"
			},
			{
				"bufferView": 35,
				"byteOffset" : 0,
				"componentType" : 5125,
				"count" : 23388,
				"type" : "SCALAR"
			},
			{
				"bufferView": 32,
				"byteOffset" : 0,
				"componentType" : 5126,
				"count" : 11122,
				"type" : "VEC3"
								,"min": [-0.050338041,-0.0503159314,-0.00949999969]
								,"max": [0.050338041,0.0503159314,0.00949999969]
			},
			{
				"bufferView": 33,
				"byteOffset" : 0,
				"componentType" : 5126,
				"count" : 11122,
				"type" : "VEC3"
			},
			{
				"bufferView": 34,
				"byteOffset" : 0,
				"componentType" : 5126,
				"count" : 11122,
				"type" : "VEC2"
			},
			{
				"bufferView": 39,
				"byteOffset" : 0,
				"componentType" : 5125,
				"count" : 23388,
				"type" : "SCALAR"
			},
			{
				"bufferView": 36,
				"byteOffset" : 0,
				"componentType" : 5126,
				"count" : 11122,
				"type" : "VEC3"
								,"min": [-0.050338041,-0.0503159314,-0.00949999969]
								,"max": [0.050338041,0.0503159314,0.00949999969]
			},
			{
				"bufferView": 37,
				"byteOffset" : 0,
				"componentType" : 5126,
				"count" : 11122,
				"type" : "VEC3"
			},
			{
				"bufferView": 38,
				"byteOffset" : 0,
				"componentType" : 5126,
				"count" : 11122,
				"type" : "VEC2"
			},
			{
				"bufferView": 43,
				"byteOffset" : 0,
				"componentType" : 5125,
				"count" : 15294,
				"type" : "SCALAR"
			},
			{
				"bufferView": 40,
				"byteOffset" : 0,
				"componentType" : 5126,
				"count" : 6280,
				"type" : "VEC3"
								,"min": [-0.00150000001,-0.0349846333,-0.0350000039]
								,"max": [0.00150000001,0.0349846333,0.0349385329]
			},
			{
				"bufferView": 41,
				"byteOffset" : 0,
				"componentType" : 5126,
				"count" : 6280,
				"type" : "VEC3"
			},
			{
				"bufferView": 42,
				"byteOffset" : 0,
				"componentType" : 5126,
				"count" : 6280,
				"type" : "VEC2"
			},
			{
				"bufferView": 47,
				"byteOffset" : 0,
				"componentType" : 5125,
				"count" : 15294,
				"type" : "SCALAR"
			},
			{
				"bufferView": 44,
				"byteOffset" : 0,
				"componentType" : 5126,
				"count" : 6280,
				"type" : "VEC3"
								,"min": [-0.00150000001,-0.0349846333,-0.0350000039]
								,"max": [0.00150000001,0.0349846333,0.0349385329]
			},
			{
				"bufferView": 45,
				"byteOffset" : 0,
				"componentType" : 5126,
				"count" : 6280,
				"type" : "VEC3"
			},
			{
				"bufferView": 46,
				"byteOffset" : 0,
				"componentType" : 5126,
				"count" : 6280,
				"type" : "VEC2"
			},
			{
				"bufferView": 51,
				"byteOffset" : 0,
				"componentType" : 5125,
				"count" : 36120,
				"type" : "SCALAR"
			},
			{
				"bufferView": 48,
				"byteOffset" : 0,
				"componentType" : 5126,
				"count" : 16268,
				"type" : "VEC3"
								,"min": [0.00132749905,-0.0109294886,-0.010687395]
								,"max": [0.00368181989,0.0109294886,0.010687395]
			},
			{
				"bufferView": 49,
				"byteOffset" : 0,
				"componentType" : 5126,
				"count" : 16268,
				"type" : "VEC3"
			},
			{
				"bufferView": 50,
				"byteOffset" : 0,
				"componentType" : 5126,
				"count" : 16268,
				"type" : "VEC2"
			},
			{
				"bufferView": 55,
				"byteOffset" : 0,
				"componentType" : 5125,
				"count" : 11304,
				"type" : "SCALAR"
			},
			{
				"bufferView": 52,
				"byteOffset" : 0,
				"componentType" : 5126,
				"count" : 4766,
				"type" : "VEC3"
								,"min": [-1.18812263E-18,-0.00889198203,-0.00890000071]
								,"max": [0.00499999989,0.00890000071,0.00890000071]
			},
			{
				"bufferView": 53,
				"byteOffset" : 0,
				"componentType" : 5126,
				"count" : 4766,
				"type" : "VEC3"
			},
			{
				"bufferView": 54,
				"byteOffset" : 0,
				"componentType" : 5126,
				"count" : 4766,
				"type" : "VEC2"
			},
			{
				"bufferView": 59,
				"byteOffset" : 0,
				"componentType" : 5125,
				"count" : 11130,
				"type" : "SCALAR"
			},
			{
				"bufferView": 56,
				"byteOffset" : 0,
				"componentType" : 5126,
				"count" : 4770,
				"type" : "VEC3"
								,"min": [-1.66533455E-19,-0.01199737,-0.012000002]
								,"max": [0.00499999989,0.012000002,0.0119894762]
			},
			{
				"bufferView": 57,
				"byteOffset" : 0,
				"componentType" : 5126,
				"count" : 4770,
				"type" : "VEC3"
			},
			{
				"bufferView": 58,
				"byteOffset" : 0,
				"componentType" : 5126,
				"count" : 4770,
				"type" : "VEC2"
			},
			{
				"bufferView": 63,
				"byteOffset" : 0,
				"componentType" : 5125,
				"count" : 36120,
				"type" : "SCALAR"
			},
			{
				"bufferView": 60,
				"byteOffset" : 0,
				"componentType" : 5126,
				"count" : 16268,
				"type" : "VEC3"
								,"min": [0.00132749905,-0.0109294886,-0.010687395]
								,"max": [0.00368181989,0.0109294886,0.010687395]
			},
			{
				"bufferView": 61,
				"byteOffset" : 0,
				"componentType" : 5126,
				"count" : 16268,
				"type" : "VEC3"
			},
			{
				"bufferView": 62,
				"byteOffset" : 0,
				"componentType" : 5126,
				"count" : 16268,
				"type" : "VEC2"
			},
			{
				"bufferView": 67,
				"byteOffset" : 0,
				"componentType" : 5125,
				"count" : 11304,
				"type" : "SCALAR"
			},
			{
				"bufferView": 64,
				"byteOffset" : 0,
				"componentType" : 5126,
